Key Count	Update Count	Update Time
64	100000000	168234061
128	100000000	179761820
256	100000000	195541305
512	100000000	184582978
1024	100000000	199183359
2048	100000000	197745219
4096	100000000	180281424
8192	100000000	225011456
16384	100000000	256711564
32768	100000000	262113199
65536	100000000	285870024
131072	100000000	289976610
262144	100000000	485051882
524288	100000000	1339193900
1048576	100000000	1614820217
2097152	100000000	2096849180
4194304	100000000	2298404088
8388608	100000000	2458746856
16777216	100000000	3113659720
33554432	100000000	3799640305
67108864	100000000	6070009549
134217728	100000000	9129004076
268435456	100000000	11596632286
