Key Count	Update Count	Update Time
64	100000000	337364941
128	100000000	327768614
256	100000000	328032438
512	100000000	327921094
1024	100000000	327272169
2048	100000000	344206884
4096	100000000	338234389
8192	100000000	331985368
16384	100000000	340105292
32768	100000000	343675556
65536	100000000	330949386
131072	100000000	331168557
262144	100000000	328653214
524288	100000000	340794541
1048576	100000000	343984250
2097152	100000000	332158127
4194304	100000000	341440791
8388608	100000000	328710366
16777216	100000000	339117448
33554432	100000000	342472169
67108864	100000000	324551010
134217728	100000000	339527372
268435456	100000000	328217838
