Key Count	Update Count	Update Time
64	100000000	353051292
128	100000000	345259555
256	100000000	334502392
512	100000000	339230070
1024	100000000	332981904
2048	100000000	333809912
4096	100000000	341540074
8192	100000000	343414542
16384	100000000	337782008
32768	100000000	360449319
65536	100000000	338867589
131072	100000000	344294338
262144	100000000	344843250
524288	100000000	338102817
1048576	100000000	348788489
2097152	100000000	331717928
4194304	100000000	342624257
8388608	100000000	346405486
16777216	100000000	335917560
33554432	100000000	347608637
67108864	100000000	340627236
134217728	100000000	338053989
268435456	100000000	339968516
