Key Count	Update Count	Update Time
64	100000000	341363824
128	100000000	334567677
256	100000000	340606584
512	100000000	328538108
1024	100000000	332019616
2048	100000000	341488865
4096	100000000	332688302
8192	100000000	340792191
16384	100000000	342292271
32768	100000000	344516623
65536	100000000	339927031
131072	100000000	327742111
262144	100000000	340873075
524288	100000000	328068582
1048576	100000000	340165463
2097152	100000000	324773367
4194304	100000000	340915483
8388608	100000000	333097108
16777216	100000000	329338791
33554432	100000000	337573916
67108864	100000000	325198742
134217728	100000000	328913218
268435456	100000000	326982791
